0 brock200_2.clq 14 14 1.372881
9 23 32 56 57 69 92 103 131 151 164 170 192 200 
1 brock200_2.clq 14 14 1.760058
9 23 32 56 57 69 92 103 131 151 164 170 192 200 
2 brock200_2.clq 14 14 1.390007
9 23 32 56 57 69 92 103 131 151 164 170 192 200 
0 brock200_2.clq 15 15 1.668920
22 37 42 92 100 110 111 116 140 145 170 180 185 188 193 
1 brock200_2.clq 15 15 0.537005
22 37 42 92 100 110 111 116 140 145 170 180 185 188 193 
2 brock200_2.clq 15 15 3.122769
22 37 42 92 100 110 111 116 140 145 170 180 185 188 193 
3 brock200_2.clq 15 15 0.499693
22 37 42 92 100 110 111 116 140 145 170 180 185 188 193 
4 brock200_2.clq 15 15 3.556936
22 37 42 92 100 110 111 116 140 145 170 180 185 188 193 
5 brock200_2.clq 15 15 0.408830
22 37 42 92 100 110 111 116 140 145 170 180 185 188 193 
6 brock200_2.clq 15 15 2.780628
22 37 42 92 100 110 111 116 140 145 170 180 185 188 193 
7 brock200_2.clq 15 15 0.173333
22 37 42 92 100 110 111 116 140 145 170 180 185 188 193 
8 brock200_2.clq 15 15 0.426254
22 37 42 92 100 110 111 116 140 145 170 180 185 188 193 
9 brock200_2.clq 15 15 5.396273
22 37 42 92 100 110 111 116 140 145 170 180 185 188 193 
10 brock200_2.clq 15 15 2.375695
22 37 42 92 100 110 111 116 140 145 170 180 185 188 193 
11 brock200_2.clq 15 15 0.470147
22 37 42 92 100 110 111 116 140 145 170 180 185 188 193 
12 brock200_2.clq 15 15 1.863618
22 37 42 92 100 110 111 116 140 145 170 180 185 188 193 
13 brock200_2.clq 15 15 1.346456
22 37 42 92 100 110 111 116 140 145 170 180 185 188 193 
14 brock200_2.clq 15 15 2.850264
22 37 42 92 100 110 111 116 140 145 170 180 185 188 193 
15 brock200_2.clq 15 15 1.082862
22 37 42 92 100 110 111 116 140 145 170 180 185 188 193 
16 brock200_2.clq 15 15 2.389829
22 37 42 92 100 110 111 116 140 145 170 180 185 188 193 
17 brock200_2.clq 15 15 1.079415
22 37 42 92 100 110 111 116 140 145 170 180 185 188 193 
18 brock200_2.clq 15 15 1.710329
22 37 42 92 100 110 111 116 140 145 170 180 185 188 193 
19 brock200_2.clq 15 15 1.493074
22 37 42 92 100 110 111 116 140 145 170 180 185 188 193 
