0 brock200_2.clq 15 15 0.929531
22 37 42 92 100 110 111 116 140 145 170 180 185 188 193 
1 brock200_2.clq 15 15 2.230771
22 37 42 92 100 110 111 116 140 145 170 180 185 188 193 
2 brock200_2.clq 15 15 35.508651
22 37 42 92 100 110 111 116 140 145 170 180 185 188 193 
3 brock200_2.clq 15 15 1.611341
22 37 42 92 100 110 111 116 140 145 170 180 185 188 193 
4 brock200_2.clq 15 15 15.545180
22 37 42 92 100 110 111 116 140 145 170 180 185 188 193 
5 brock200_2.clq 15 15 5.204123
22 37 42 92 100 110 111 116 140 145 170 180 185 188 193 
6 brock200_2.clq 15 15 4.226298
22 37 42 92 100 110 111 116 140 145 170 180 185 188 193 
7 brock200_2.clq 15 15 2.830754
22 37 42 92 100 110 111 116 140 145 170 180 185 188 193 
8 brock200_2.clq 15 15 0.730982
22 37 42 92 100 110 111 116 140 145 170 180 185 188 193 
9 brock200_2.clq 15 15 9.348995
22 37 42 92 100 110 111 116 140 145 170 180 185 188 193 
10 brock200_2.clq 15 15 1.530265
22 37 42 92 100 110 111 116 140 145 170 180 185 188 193 
11 brock200_2.clq 15 15 14.212830
22 37 42 92 100 110 111 116 140 145 170 180 185 188 193 
12 brock200_2.clq 15 15 2.283450
22 37 42 92 100 110 111 116 140 145 170 180 185 188 193 
13 brock200_2.clq 15 15 9.021826
22 37 42 92 100 110 111 116 140 145 170 180 185 188 193 
14 brock200_2.clq 15 15 4.818020
22 37 42 92 100 110 111 116 140 145 170 180 185 188 193 
15 brock200_2.clq 15 15 1.018926
22 37 42 92 100 110 111 116 140 145 170 180 185 188 193 
16 brock200_2.clq 15 15 1.862321
22 37 42 92 100 110 111 116 140 145 170 180 185 188 193 
17 brock200_2.clq 15 15 3.417372
22 37 42 92 100 110 111 116 140 145 170 180 185 188 193 
18 brock200_2.clq 15 15 5.153921
22 37 42 92 100 110 111 116 140 145 170 180 185 188 193 
19 brock200_2.clq 15 15 7.080954
22 37 42 92 100 110 111 116 140 145 170 180 185 188 193 
